[gd_scene load_steps=10 format=2]

[ext_resource path="res://scripts/BallPlayerController.gd" type="Script" id=1]
[ext_resource path="res://data/textures/Prototype/texture_09.png" type="Texture" id=2]
[ext_resource path="res://data/textures/Prototype/texture_04.png" type="Texture" id=3]
[ext_resource path="res://data/shaders/fire3d.shader" type="Shader" id=4]

[sub_resource type="SphereShape" id=1]

[sub_resource type="SpatialMaterial" id=2]
albedo_color = Color( 0.423529, 0.52549, 1, 1 )
metallic = 0.2
metallic_specular = 0.6
roughness = 0.21
rim_enabled = true
rim = 0.5
rim_tint = 1.0
clearcoat_enabled = true
clearcoat = 1.0
clearcoat_gloss = 0.9
clearcoat_texture = ExtResource( 2 )
subsurf_scatter_enabled = true
subsurf_scatter_strength = 0.5
refraction_enabled = true
refraction_scale = 0.05
refraction_texture_channel = 0

[sub_resource type="SpatialMaterial" id=3]
albedo_color = Color( 0.184314, 0.184314, 0.184314, 1 )

[sub_resource type="ShaderMaterial" id=4]
shader = ExtResource( 4 )
shader_param/root_color = Color( 1, 0.75, 0.3, 1 )
shader_param/tip_color = Color( 1, 0.03, 0.001, 1 )
shader_param/fire_alpha = 1.0
shader_param/fire_speed = 1.0
shader_param/fire_aperture = 0.22

[sub_resource type="SpatialMaterial" id=5]
metallic = 1.0
metallic_specular = 1.0
metallic_texture = ExtResource( 3 )

[node name="BallPlayerController" type="KinematicBody"]
script = ExtResource( 1 )

[node name="CollisionShape2" type="CollisionShape" parent="."]
transform = Transform( 0.5, 0, 0, 0, 0.5, 0, 0, 0, 0.5, 0, 0, 0 )
shape = SubResource( 1 )

[node name="Spatial" type="Spatial" parent="."]

[node name="CSGSphere" type="CSGSphere" parent="Spatial"]
transform = Transform( 0.498807, 0, 0, 0, 0.498807, 0, 0, 0, 0.498807, 0.00164366, -5.96046e-08, 0.00358128 )
material = SubResource( 2 )

[node name="CSGCylinder" type="CSGCylinder" parent="Spatial/CSGSphere"]
transform = Transform( 0.101358, 0, 0, 0, 2.13967, 0, 0, 0, 0.101358, 0, 0, 0 )
operation = 2
material = SubResource( 3 )

[node name="rays" type="Spatial" parent="Spatial"]

[node name="RayCastDown" type="RayCast" parent="Spatial/rays"]
enabled = true
cast_to = Vector3( 0, -0.711, 0 )

[node name="RayCastLeft" type="RayCast" parent="Spatial/rays"]
transform = Transform( 1, 0, 0, 0, -4.37114e-08, 1, 0, -1, -4.37114e-08, 0, 0, 0 )
enabled = true
cast_to = Vector3( 0, -0.711, 0 )

[node name="RayCastLeft2" type="RayCast" parent="Spatial/rays"]
transform = Transform( 1, 0, 0, 0, 0.707107, 0.707107, 0, -0.707107, 0.707107, 0, 0, 0 )
enabled = true
cast_to = Vector3( 0, -0.711, 0 )

[node name="RayCastRight" type="RayCast" parent="Spatial/rays"]
transform = Transform( 1, 0, 0, 0, -4.37114e-08, -1, 0, 1, -4.37114e-08, 0, 0, 0 )
enabled = true
cast_to = Vector3( 0, -0.711, 0 )

[node name="RayCastRight2" type="RayCast" parent="Spatial/rays"]
transform = Transform( 1, 0, 0, 0, 0.707107, -0.707107, 0, 0.707107, 0.707107, 0, 0, 0 )
enabled = true
cast_to = Vector3( 0, -0.711, 0 )

[node name="RayCastBack" type="RayCast" parent="Spatial/rays"]
transform = Transform( -4.37114e-08, -1, 0, 1, -4.37114e-08, 0, 0, 0, 1, 0, 0, 0 )
enabled = true
cast_to = Vector3( 0, -0.711, 0 )

[node name="RayCastBack2" type="RayCast" parent="Spatial/rays"]
transform = Transform( 0.707107, -0.707107, 0, 0.707107, 0.707107, 0, 0, 0, 1, 0, 0, 0 )
enabled = true
cast_to = Vector3( 0, -0.711, 0 )

[node name="RayCastFront" type="RayCast" parent="Spatial/rays"]
transform = Transform( -4.37114e-08, 1, 0, -1, -4.37114e-08, 0, 0, 0, 1, 0, 0, 0 )
enabled = true
cast_to = Vector3( 0, -0.711, 0 )

[node name="RayCastLeft4" type="RayCast" parent="Spatial/rays"]
transform = Transform( 0.707107, -0.707107, -3.09086e-08, 0, -4.37114e-08, 1, -0.707107, -0.707107, -3.09086e-08, 0, 0, 0 )
enabled = true
cast_to = Vector3( 0, -0.711, 0 )

[node name="RayCastRight4" type="RayCast" parent="Spatial/rays"]
transform = Transform( 0.707107, 0.707107, -3.09086e-08, 0, -4.37114e-08, -1, -0.707107, 0.707107, -3.09086e-08, 0, 0, 0 )
enabled = true
cast_to = Vector3( 0, -0.711, 0 )

[node name="RayCastBack4" type="RayCast" parent="Spatial/rays"]
transform = Transform( -3.09086e-08, -0.707107, 0.707107, 1, -4.37114e-08, 0, 3.09086e-08, 0.707107, 0.707107, 0, 0, 0 )
enabled = true
cast_to = Vector3( 0, -0.711, 0 )

[node name="RayCastFront4" type="RayCast" parent="Spatial/rays"]
transform = Transform( -3.09086e-08, 0.707107, 0.707107, -1, -4.37114e-08, 0, 3.09086e-08, -0.707107, 0.707107, 0, 0, 0 )
enabled = true
cast_to = Vector3( 0, -0.711, 0 )

[node name="RayCastFront2" type="RayCast" parent="Spatial/rays"]
transform = Transform( 0.707107, 0.707107, 0, -0.707107, 0.707107, 0, 0, 0, 1, 0, 0, 0 )
enabled = true
cast_to = Vector3( 0, -0.711, 0 )

[node name="RayCastLeft3" type="RayCast" parent="Spatial/rays"]
transform = Transform( 0.707107, -0.5, 0.5, 0, 0.707107, 0.707107, -0.707107, -0.5, 0.5, 0, 0, 0 )
enabled = true
cast_to = Vector3( 0, -0.711, 0 )

[node name="RayCastRight3" type="RayCast" parent="Spatial/rays"]
transform = Transform( 0.707107, 0.5, 0.5, 0, 0.707107, -0.707107, -0.707107, 0.5, 0.5, 0, 0, 0 )
enabled = true
cast_to = Vector3( 0, -0.711, 0 )

[node name="RayCastBack3" type="RayCast" parent="Spatial/rays"]
transform = Transform( 0.5, -0.5, 0.707107, 0.707107, 0.707107, 0, -0.5, 0.5, 0.707107, 0, 0, 0 )
enabled = true
cast_to = Vector3( 0, -0.711, 0 )

[node name="RayCastFront3" type="RayCast" parent="Spatial/rays"]
transform = Transform( 0.5, 0.5, 0.707107, -0.707107, 0.707107, 0, -0.5, -0.5, 0.707107, 0, 0, 0 )
enabled = true
cast_to = Vector3( 0, -0.711, 0 )

[node name="CameraAxis" type="Spatial" parent="."]
transform = Transform( -4.37114e-08, 0, 1, 0, 1, 0, -1, 0, -4.37114e-08, 0, 0, 0 )

[node name="SpringArm" type="SpringArm" parent="CameraAxis"]
transform = Transform( -3.5241e-08, -0.429408, 0.903111, -3.75401e-08, 0.903111, 0.429408, -1, -1.877e-08, -4.79466e-08, 0, 0, 0 )
spring_length = 5.0

[node name="CameraMount" type="Spatial" parent="CameraAxis/SpringArm"]

[node name="Camera" type="Camera" parent="CameraAxis/SpringArm/CameraMount"]
transform = Transform( 1, 0, 0, 0, 0.991581, -0.129488, 0, 0.129488, 0.991581, 0, 0, 0 )
current = true

[node name="Position3D" type="Position3D" parent="CameraAxis/SpringArm/CameraMount/Camera"]
transform = Transform( 1, 0, 0, 0, 0.991479, -0.130267, 0, 0.130267, 0.991479, 1.57905e-07, 0.617701, -1.90222 )

[node name="CSGSphere" type="CSGSphere" parent="CameraAxis/SpringArm/CameraMount/Camera/Position3D"]
radius = 0.05

[node name="Gravitydirection" type="Spatial" parent="."]
transform = Transform( 0.5, 0, 0, 0, 0.5, 0, 0, 0, 0.5, 0, 0, 0 )

[node name="CSGCylinder" type="CSGCylinder" parent="Gravitydirection"]
transform = Transform( 1, 0, 0, 0, 1.22803, 0, 0, 0, 1, 0, 2.32705, 0 )
radius = 0.078

[node name="CSGTorus" type="CSGTorus" parent="Gravitydirection"]
transform = Transform( -4.37114e-08, 1, 0, -1, -4.37114e-08, 0, 0, 0, 1, 0, 1.839, 0 )
inner_radius = 0.684
outer_radius = 0.027
sides = 3
ring_sides = 3
smooth_faces = false
material = SubResource( 4 )

[node name="CSGTorus2" type="CSGTorus" parent="Gravitydirection"]
transform = Transform( -4.37114e-08, 1, 0, -1, -4.37114e-08, 0, 0, 0, 1, -0.00718205, 1.835, 0 )
inner_radius = 0.68
outer_radius = 0.027
sides = 3
ring_sides = 3
smooth_faces = false
material = SubResource( 5 )

[node name="InterpolatedCamera" type="InterpolatedCamera" parent="."]
transform = Transform( 1, 0, 0, 0, 1, 0, 0, 0, 1, 0, 0, 0 )
current = true
target = NodePath("../CameraAxis/SpringArm/CameraMount/Camera/Position3D")
speed = 5.0
enabled = true
