[gd_scene load_steps=3 format=2]

[ext_resource path="res://data/shaders/gunMetal.tres" type="Material" id=1]
[ext_resource path="res://data/shaders/orangeColor.tres" type="Material" id=2]

[node name="HeavyBarrel" type="Spatial"]

[node name="CSGBox" type="CSGBox" parent="."]
transform = Transform( 1, 0, 0, 0, 1, 0, 0, 0, 1, -0.145721, 0, 0 )
width = 0.292
height = 0.131
depth = 0.087
material = ExtResource( 1 )

[node name="CSGBox2" type="CSGBox" parent="CSGBox"]
transform = Transform( 1, 0, 0, 0, 0.707107, -0.707107, 0, 0.707107, 0.707107, 0, -0.06, -0.045 )
operation = 2
width = 0.296
height = 0.028
depth = 0.084
material = ExtResource( 1 )

[node name="CSGBox4" type="CSGBox" parent="CSGBox"]
transform = Transform( 1, 0, 0, 0, -0.707107, -0.707107, 0, 0.707107, -0.707107, 0, -0.00260398, -0.0712871 )
operation = 2
width = 0.296
height = 0.028
depth = 0.084
material = ExtResource( 2 )

[node name="CSGBox6" type="CSGBox" parent="CSGBox"]
transform = Transform( 1, 0, 0, 0, -0.707107, -0.707107, 0, 0.707107, -0.707107, 0, 0.055, -0.045 )
operation = 2
width = 0.296
height = 0.028
depth = 0.084
material = ExtResource( 1 )

[node name="CSGBox7" type="CSGBox" parent="CSGBox"]
transform = Transform( 1, 0, 0, 0, -0.707107, 0.707107, 0, -0.707107, -0.707107, 0, -0.003, 0.071 )
operation = 2
width = 0.296
height = 0.028
depth = 0.084
material = ExtResource( 2 )

[node name="CSGBox8" type="CSGBox" parent="CSGBox"]
transform = Transform( 1, 0, 0, 0, -0.707107, 0.707107, 0, -0.707107, -0.707107, 0, 0.055, 0.045 )
operation = 2
width = 0.296
height = 0.028
depth = 0.084
material = ExtResource( 1 )

[node name="CSGBox5" type="CSGBox" parent="CSGBox"]
transform = Transform( 1, 0, 0, 0, -4.37114e-08, -1, 0, 1, -4.37114e-08, 0, 0.0591723, -0.0474562 )
operation = 2
width = 0.296
height = 0.028
depth = 0.084
material = ExtResource( 1 )

[node name="CSGBox9" type="CSGBox" parent="CSGBox"]
transform = Transform( 1, 0, 0, 0, -4.37114e-08, -1, 0, 1, -4.37114e-08, 0, 0.059, 0.047 )
operation = 2
width = 0.296
height = 0.028
depth = 0.084
material = ExtResource( 1 )

[node name="CSGBox10" type="CSGBox" parent="CSGBox"]
transform = Transform( 0.173648, -0.984808, 0, 0.984808, 0.173648, 0, 0, 0, 1, -0.152879, 0.059, 0 )
operation = 2
width = 0.126155
height = 0.028
depth = 0.0830522
material = ExtResource( 1 )

[node name="CSGBox3" type="CSGBox" parent="CSGBox"]
transform = Transform( 1, 0, 0, 0, 0.707107, 0.707107, 0, -0.707107, 0.707107, 0, -0.06, 0.045 )
operation = 2
width = 0.296
height = 0.028
depth = 0.084
material = ExtResource( 1 )

[node name="CSGCylinder3" type="CSGCylinder" parent="CSGBox"]
transform = Transform( -4.37114e-08, -1, 0, 1, -4.37114e-08, 0, 0, 0, 1, -0.167, -0.021, 0 )
operation = 2
radius = 0.03
height = 0.1
material = ExtResource( 1 )

[node name="CSGCylinder4" type="CSGCylinder" parent="CSGBox"]
transform = Transform( -4.37114e-08, -1, 0, 1, -4.37114e-08, 0, 0, 0, 1, -0.164, 0.042, 0 )
operation = 2
radius = 0.018
height = 0.1
material = ExtResource( 1 )

[node name="CSGCylinder" type="CSGCylinder" parent="."]
transform = Transform( -4.37114e-08, -1, 0, 1, -4.37114e-08, 0, 0, 0, 1, -0.244972, -0.02141, 0 )
radius = 0.03
height = 0.1
material = ExtResource( 1 )

[node name="CSGCylinder3" type="CSGCylinder" parent="CSGCylinder"]
transform = Transform( -1, 8.74228e-08, 0, -8.74228e-08, -1, 0, 0, 0, 1, 0, 0.035, 0 )
operation = 2
radius = 0.03
height = 0.1
cone = true
material = ExtResource( 2 )

[node name="CSGCylinder2" type="CSGCylinder" parent="."]
transform = Transform( -4.37114e-08, -1, 0, 1, -4.37114e-08, 0, 0, 0, 1, -0.24249, 0.0418052, 0 )
radius = 0.018
height = 0.1
material = ExtResource( 1 )

[node name="CSGCylinder3" type="CSGCylinder" parent="CSGCylinder2"]
transform = Transform( -1, 8.74228e-08, 0, -8.74228e-08, -1, 0, 0, 0, 1, 3.72529e-09, 0.0345366, 0 )
operation = 2
radius = 0.018
height = 0.1
cone = true
material = ExtResource( 2 )
